{
  "advancedEditorSelectedIdentifier" : "ProjectBrowser",
  "openSceneRelativePaths" : [
    "Scene.usda"
  ],
  "recentIdentifiers" : {

  },
  "sceneCameraHistory" : {
    "DE5BF837-7CC1-4150-9E63-8101F2E106AD" : [
      {
        "date" : 796933208.381705,
        "title" : "Untitled",
        "transform" : [
          -0.975498,
          -2.761599e-09,
          0.22000836,
          0,
          0.19160272,
          0.4914808,
          0.8495499,
          0,
          -0.10812989,
          0.8708884,
          -0.47943854,
          0,
          0.009469509,
          3.8214262,
          0.9469166,
          1
        ]
      },
      {
        "date" : 796933139.656137,
        "title" : "Untitled",
        "transform" : [
          -0.975498,
          -2.761599e-09,
          0.22000836,
          0,
          0.19160272,
          0.4914808,
          0.8495499,
          0,
          -0.10812989,
          0.8708884,
          -0.47943854,
          0,
          0.070102215,
          3.9477248,
          1.1626601,
          1
        ]
      },
      {
        "date" : 796933126.770762,
        "title" : "Untitled",
        "transform" : [
          -0.9850375,
          1.7554609e-09,
          0.17234036,
          0,
          0.054274697,
          0.9491159,
          0.31021526,
          0,
          -0.16357096,
          0.31492737,
          -0.93491465,
          0,
          0.23939392,
          1.6614993,
          -0.20732893,
          1
        ]
      },
      {
        "date" : 796933072.823801,
        "title" : "Untitled",
        "transform" : [
          -0.98514724,
          -5.395434e-12,
          -0.1717118,
          0,
          0.0039921636,
          0.9997297,
          -0.022903895,
          0,
          0.17166539,
          -0.02324921,
          -0.984881,
          0,
          0.39293876,
          0.36341402,
          -0.9040231,
          1
        ]
      },
      {
        "date" : 796933064.938635,
        "title" : "Untitled",
        "transform" : [
          -0.5137036,
          5.2788633e-05,
          -0.85796773,
          0,
          -0.38576344,
          0.8932034,
          0.23102877,
          0,
          0.7663518,
          0.44965288,
          -0.45882142,
          0,
          4.798887,
          0.84156775,
          -1.274611,
          1
        ]
      },
      {
        "date" : 796933022.398053,
        "title" : "Untitled",
        "transform" : [
          -0.5112009,
          5.2788633e-05,
          -0.85946125,
          0,
          -0.38643512,
          0.8932034,
          0.2299035,
          0,
          0.7676858,
          0.44965288,
          -0.45658597,
          0,
          0.93278587,
          -0.74433744,
          0.8211887,
          1
        ]
      },
      {
        "date" : 796932981.858507,
        "title" : "Untitled",
        "transform" : [
          -0.5112009,
          5.2788633e-05,
          -0.85946125,
          0,
          -0.38643512,
          0.8932034,
          0.2299035,
          0,
          0.7676858,
          0.44965288,
          -0.45658597,
          0,
          1.0487583,
          -0.6663271,
          1.0930061,
          1
        ]
      },
      {
        "date" : 796932975.544155,
        "title" : "Untitled",
        "transform" : [
          -0.47201064,
          5.2777224e-05,
          -0.8815929,
          0,
          -0.8531572,
          0.25190383,
          0.45680106,
          0,
          0.22210075,
          0.96775234,
          -0.118856266,
          0,
          0.64344233,
          3.744925,
          1.5776435,
          1
        ]
      },
      {
        "date" : 796932965.198091,
        "title" : "Untitled",
        "transform" : [
          -0.83934104,
          -1.4427121e-06,
          -0.5436051,
          0,
          -0.47329885,
          0.49187544,
          0.730785,
          0,
          0.26738495,
          0.87066555,
          -0.41285196,
          0,
          0.4686418,
          2.7758617,
          0.7533727,
          1
        ]
      },
      {
        "date" : 796932931.296569,
        "title" : "Untitled",
        "transform" : [
          0.99886334,
          0,
          -0.04766565,
          0,
          -0.0337047,
          0.7071069,
          -0.706303,
          0,
          0.03370471,
          0.70710677,
          0.7063031,
          0,
          0.8598717,
          5.583581,
          3.2027402,
          1
        ]
      }
    ]
  },
  "sceneViewportBackgroundColors" : {

  }
}